184801
007696
007869
007868
007746
007858
007805
003816
511880
007709
007708
000929
000930
000970
501064
501046
501079
501078
501077
004848
161912
003955
161913
501038
007586
501082
007353
501075
169102
501201
001728
161729
005379
501081
168601
006977
501099
161132
006642
002746
501083
001511
001890
005810
160425
001117
501080
001309
501066
169103
005811
000904
160645
501070
161837
005416
009437
000436
009438
501085
009693
005417
501065
970041
009686
006158
009687
006345
160524
006159
009334
014164
501076
003900
008966
501071
008967
501087
005695
161040
004546
003004
000894
005696
009683
501091
009648
009697
009684
003663
003186
009698
000844
501088
501054
011032
006836
008716
009364
006696
160926
009365
009798
501098
003780
000414
006111
501093
000762
003828
506001
004982
002908
005444
008140
009794
004278
004446
005522
005329
501096
167508
003331
168207
009867
501097
000218
009490
005330
160143
009868
004772
160529
004253
004353
004447
004284
169107
009432
009433
000216
009715
007639
001641
160325
004451
501062
006205
000585
000217
014112
000992
004773
160726
005679
010695
506002
009149
008416
004436
009663
008417
004452
506005
501202
004916
008890
501200
003813
002269
007385
009837
002610
009838
506006
506000
000307
009048
001615
162720
006534
009020
004437
004534
005088
501203
007207
002963
002611
005549
009164
501092
009447
005686
009165
004535
010613
005179
001584
009970
010614
004413
005089
006353
010106
010292
001073
166025
001585
010107
004775
006430
005167
005280
002804
006462
008547
009624
501208
501073
007101
006398
005108
009531
164826
005027
009681
166027
010889
006972
009217
006399
005018
005746
009682
009791
009695
007735
005166
010016
009218
007266
009468
004265
010059
005589
009843
010017
008041
010130
003059
009696
160527
501095
007944
010131
009469
007267
010080
160528
005252
009691
501207
161914
009692
009031
010180
161915
004457
506003
009032
001059
004806
005291
010201
010194
009186
009187
009419
009366
010195
008850
009595
009367
009144
169108
009598
009420
008878
501063
009411
009201
005292
009145
009842
010764
009202
012082
010518
012083
160727
008263
008848
010519
007884
010400
501049
004276
004612
004277
009493
011367
011899
011392
010506
010190
011900
002224
008856
009494
011368
004613
009415
011501
010056
009416
011502
010057
012084
009627
009628
012085
009718
009688
006055
009927
501053
009719
009659
008851
003650
009928
010257
009660
011214
011215
010700
163418
011433
169106
011434
012675
010373
011075
012676
166024
506008
010374
011076
012793
004607
004275
519784
013422
970023
519785
004274
004801
161838
012248
012249
011481
011750
009984
004802
014274
014273
501206
014271
014272
014283
014294
501218
013933
506007
014279
014280
014275
014276
920012
011751
012312
012313
014270
014269
014277
014278
011694
011277
920926
012308
012008
011695
012309
013414
012009
011296
011297
013441
012123
011093
010348
012001
012002
011011
009198
009477
009478
008142
008143
009033
010628
009034
005392
008701
009911
008702
009504
008986
009505
008987
010010
010418
010446
010417
501205
320013
164701
160719
000487
161116
004667
005471
006507
000488
006303
007501
007977
007976
007978
008079
013787
501212
013825
013832
013786
501215
501213
501210